1.0
-1.0
-0.19999999999999996
-0.9908081529889892
-0.9908081529889892
-0.9908081529889889
-0.3543639286870126
-0.9910482991895987
0.3810589995111395
-0.934450048616515
-0.9902527826632266
-0.9908066050791118
-0.891301835083336
-0.4172505473729823
-0.9984341914800123
-0.942790620164372
0.43999999999999995
-0.28
-0.9908519639799458
-0.9908519639799458
-0.9908519639799456
-0.35508318655160465
-0.9911258318934371
0.3808208218322401
-0.9349199200490665
-0.9893106322664296
-0.9908634830674639
-0.9999999999999934
-0.7768402990966855
-0.9959550064487903
-0.9300306642334948
0.3600000000000001
-0.36
-0.9909081429872473
-0.9909081429872473
-0.990908142987247
-0.3173617014371685
-0.9911759945710918
0.38070843897213935
-0.9345459407456072
-0.9893211803310848
-0.9909255512293591
-0.8640596572665045
-0.9184538307832841
-0.9985645365336254
-0.9459142511738837
0.28
-0.43999999999999995
-0.9909578905357432
-0.9909578905357432
-0.990957890535743
-0.30269190735140533
-0.9912321798931497
0.38057709631340864
-0.9349295092619757
-0.9893316229150936
-0.9909727896160994
-0.9259254272811712
-0.9299950281825625
-0.9981731970507065
-0.945858756454052
0.19999999999999996
-0.52
-0.9910024177015964
-0.9910024177015964
-0.9910024177015961
-0.2595150811429935
-0.9912705644463833
0.3805276420615627
-0.9344788162552427
-0.9893641736852384
-0.9910187661128909
-0.7241375414916078
-0.8380408753464335
-0.9960854654952916
-0.9377030822962087
0.1200000000000001
-0.6
-0.9910538718153975
-0.9910538718153974
-0.9910538718153974
-0.23646927702797138
-0.9912943940095063
0.38054310563528415
-0.9341336045905109
-0.9894208924999206
-0.9910632597892837
-0.6551838212383316
-0.7684155966703754
-0.9979122710260175
-0.953465167124005
0.040000000000000036
-0.6799999999999999
-0.991087020374417
-0.9910870203744169
-0.9910870203744166
0.1466705338862433
-0.9912646645624144
0.3807841417993715
-0.9337692144999608
-0.9894747753738686
-0.9910899561159784
-0.20689612570850524
-0.5287391628128189
-0.9966073546216402
-0.9512133998092953
-0.040000000000000036
-0.76
-0.9911028523559817
-0.9911028523559817
-0.9911028523559817
0.5018656808881999
-0.9912062632680231
0.38113630593129777
-0.9334527704739567
-0.9895259641041192
-0.9911151692596972
0.10347850938565595
-0.2528671458537294
-0.9960852788624407
-0.9579028958690367
-0.12
-0.84
-0.9911384733444318
-0.9911384733444317
-0.9911384733444317
0.3254663573648516
-0.9911736284614987
0.38136541148909725
-0.9339130526935989
-0.9895745933978574
-0.9911477968679866
0.09805095423980326
-0.0017888873610161227
-0.9979122495753225
-0.9400933884069038
-0.19999999999999996
-0.92
-0.9911518341468688
-0.9911518341468688
-0.9911518341468688
0.28502255938020477
-0.991143148566478
0.3815745678945888
-0.9336733223708686
-0.9896207912269085
-0.9911522485923785
0.5262431210845634
0.24259086157000764
-0.9981732551920881
-0.9694828864595102
-0.28
-1.0
-0.9911533178730034
-0.9911533178730034
-0.9911533178730032
0.24081349686688575
-0.9911049577320542
0.3818054269917344
-0.9335103057514119
-0.9896646791645072
-0.9911485401515021
0.7104938637982464
0.44492931304087247
-0.9983037160807349
-0.979476517528092
-0.36
-1.0
-0.9911458952735339
-0.9911458952735339
-0.9911458952735337
0.22493085887498593
-0.9910642435773582
0.38203487345922743
-0.9332705754286815
-0.9897063727052258
-0.9911351906587045
0.8421211430660857
0.692952709316301
-0.9976513239299287
-0.9700150340063793
-0.43999999999999995
0.3600000000000001
-0.9911261049688304
-0.9911261049688302
-0.9911261049688302
0.31440181182094584
-0.9910044365325148
0.3823320611067695
-0.9328965961252222
-0.990498549978881
-0.9911099772732676
0.999999999999993
0.8508716689547786
-0.9981735197526777
-0.9534317400462112
-0.52
0.28
-0.9910924611673129
-0.9910924611673129
-0.9910924611673129
0.31158262432577577
-0.9909592909814066
0.38255213195296084
-0.9332609862157724
-0.9904899478033169
-0.9910699320580707
0.8222233411799299
0.8881148280820066
-0.9981732540896358
-0.9553829785889685
-0.6
0.19999999999999996
-0.9910588181926044
-0.9910588181926043
-0.9910588181926041
0.24718671812539683
-0.9909261422075728
0.3827090874463264
-0.933424002835229
-0.9904625561115145
-0.9910321124633517
0.7777556312812733
0.8666596574870697
-0.9986951821187249
-0.9804228387073499
